"","FYEAR","CIK","CONM","CONML","Enterprise Software/IT Services","Technology Delivery Services","Platform Design and Sols","Stakeholder engagement","Knowledge Management and Delivery","Sustainable Innovation and sols","Next gen payment sols","Networking sols","Integrated sols","Communication sols"
"2005_2135",2005,2135,"AFFILIATED COMPUTER SERVICES","Affiliated Computer Services Inc.",0.178140457493616,0.0846501003526932,0.0626355771982548,0.119846785094488,0.0828484071611007,0.0732663703366831,0.169203158966583,0.0605279258110926,0.0715486876833795,0.0973325299021088
"2005_2186",2005,2186,"RELM WIRELESS CORP","Relm Wireless Corp",0.0728570096860398,0.109103519969124,0.08590606999996,0.0861319803078109,0.0702285694976689,0.0743114428785487,0.0681022658125825,0.0696477628557882,0.0573265848335159,0.306384794158961
"2005_2488",2005,2488,"ADVANCED MICRO DEVICES","Advanced Micro Devices Inc",0.0729690078341858,0.100826543969784,0.240852079434906,0.104477467843327,0.0760295609139881,0.083341031686574,0.0737843509465043,0.0979540585969177,0.0748223600217479,0.0749435387520659
"2005_4127",2005,4127,"SKYWORKS SOLUTIONS INC","Skyworks Solutions Inc",0.0960995267395485,0.169228586318397,0.152259940470828,0.0776230771322662,0.0735813375327233,0.0794187115043325,0.0639047908312723,0.0760768029415933,0.0719445360697163,0.139862690459322
"2005_5117",2005,5117,"EMTEC INC","Emtec Inc",0.129158133011791,0.090971654432371,0.0707293358960144,0.243081936104301,0.0825260244947621,0.0639423653221354,0.0942356171902654,0.0763935778044191,0.0706940016668334,0.0782673540771073
"2005_6281",2005,6281,"ANALOG DEVICES","Analog Devices Inc.",0.0806590067009108,0.175897351417526,0.202446503903088,0.0783821557529422,0.0696013119121709,0.0872104005791997,0.0665318624242082,0.0781463469820454,0.0688644896368029,0.0922605706911058
"2005_6292",2005,6292,"ANALYSTS INTERNATIONAL CORP","Analysts International Corp",0.16903081815975,0.0890226999387124,0.0655064748581598,0.18480407955165,0.0824143488223853,0.0584290246716151,0.107250769147251,0.065066574677153,0.0843278559416322,0.094147354231692
"2005_6314",2005,6314,"ANAREN INC","Anaren Inc",0.0744414145123031,0.201768892110201,0.0933887040887681,0.139754598823348,0.0590043631242253,0.0761879580496351,0.0566483457634033,0.0776245751805265,0.0572334699967365,0.163947678350854
"2005_6951",2005,6951,"APPLIED MATERIALS INC","Applied Materials Inc.",0.062041263552867,0.115216751143509,0.1281952705573,0.053126125208942,0.0504658335173106,0.372247073746757,0.0558870232634243,0.0601530041431545,0.0534069549954836,0.0492606998712517
"2005_7536",2005,7536,"ARROW ELECTRONICS INC","Arrow Electronics Inc",0.138232224822113,0.167186453524248,0.102546936559575,0.176804077053972,0.0664506113712859,0.0594180172878901,0.0873407348375496,0.0677532857507803,0.0591002909954382,0.0751673677971477
"2005_8146",2005,8146,"ASTRO-MED INC","Astro-Med Inc",0.0652340161606348,0.127826703762288,0.0811528072749805,0.125977563602071,0.079305637478162,0.21066261643231,0.0961032447548316,0.0628112645139484,0.0966467067134717,0.0542794393073016
"2005_8670",2005,8670,"AUTOMATIC DATA PROCESSING","Automatic Data Processing Inc.",0.128180768061571,0.0687666681543152,0.0487816888761123,0.117790880578199,0.0841697029381602,0.0666736961673668,0.297816361098473,0.0451667714632483,0.0701450918511765,0.0725083708113779
"2005_8858",2005,8858,"AVNET INC","Avnet Inc",0.132049335362629,0.19700759499428,0.115045770742794,0.123319721575797,0.0723299428179204,0.0570027469740698,0.0895063529564937,0.0758802758337086,0.0703466927599424,0.0675115659823663
"2005_9092",2005,9092,"BADGER METER INC","Badger Meter Inc.",0.0749898395037824,0.169344651475639,0.0766376110166556,0.144429550953226,0.0654575860818187,0.201838404215273,0.0715370783719118,0.0518782693439239,0.0594530312453169,0.0844339777924521
"2005_13606",2005,13606,"WHITE ELECTRONIC DESIGNS CP","White Electronic Designs Corp",0.079181959763472,0.18743478592877,0.128757246450226,0.122954673594203,0.0672654741378114,0.118411695865081,0.0807904680953617,0.0611132526403638,0.0583227336745979,0.0957677098501135
"2005_14280",2005,14280,"MSGI SECURITY SOLUTIONS INC","MSGI Security Solutions Inc",0.0831019218694383,0.0650575784811407,0.0635081672387206,0.273936802531066,0.077823171859793,0.0884192481432933,0.100260505299539,0.0824932472259349,0.0631200419974824,0.102279315353592
"2005_16058",2005,16058,"CACI INTL INC  -CL A","CACI International Inc.",0.137100318406004,0.0861567873871112,0.0643352789673102,0.267723143155304,0.0761607185221043,0.0596467375238845,0.0920474832856952,0.0580113334455434,0.0656308437600411,0.0931873555470018
"2005_20232",2005,20232,"CHYRONHEGO CORP","ChyronHego Corp",0.0641142931154454,0.0760001608112065,0.0925848112622536,0.061005667172685,0.107869645962909,0.0710805916166442,0.0623823018592429,0.0927742901420947,0.264423770139635,0.107764467917884
"2005_21438",2005,21438,"THINKENGINE NETWORKS INC","ThinkEngine Networks Inc",0.0702116052744577,0.127702311414752,0.0711789347110401,0.206921246238749,0.0672249551426484,0.0650936821865128,0.078105242057043,0.133409557709775,0.0623996272133465,0.117752838051674
"2005_21510",2005,21510,"COHERENT INC","Coherent Inc",0.0640243977245002,0.197272234594209,0.102667820275579,0.0587935029496516,0.0558614265744687,0.293161143595183,0.0611783632054024,0.0578911755692683,0.0602162239337121,0.0489337115780268
"2005_21535",2005,21535,"COHU INC","Cohu Inc",0.0858709391771295,0.171625877319499,0.197468827237969,0.0850423594012511,0.0680830885782448,0.124067411994942,0.0619108022205612,0.066581853517436,0.0562397243844951,0.0831091161684726
"2005_22701",2005,22701,"COMMUNICATIONS SYSTEMS INC","Communications Systems Inc.",0.0806989663401687,0.203856642780459,0.0889432228252463,0.103724870899835,0.0682904543192891,0.0616941972464838,0.062901732841909,0.118195446428331,0.0661535411302633,0.145540925188015
"2005_23019",2005,23019,"COMPUTER HORIZONS CORP","Computer Horizons Corp.",0.165123558652771,0.090439295549028,0.0721728660673636,0.243351122268559,0.0798299524674444,0.0596075648095601,0.0867599685132985,0.0562993902201241,0.0755708327837374,0.070845448668114
"2005_23082",2005,23082,"COMPUTER SCIENCES CORP","Computer Sciences Corp",0.154067410646822,0.0863369651190365,0.0610602391699652,0.247422652433757,0.0715298402130274,0.0802835686821058,0.100560368065481,0.0502930500914853,0.0580768355452773,0.0903690700330428
"2005_23111",2005,23111,"COMPUTER TASK GROUP INC","Computer Task Group Inc",0.153793400106778,0.0952597598149213,0.086065533802763,0.292192843244139,0.0737483529089028,0.050745427694417,0.0983145558102827,0.0374815830712338,0.0462958000291373,0.0661027435174255
"2005_23197",2005,23197,"COMTECH TELECOMMUN","Comtech Telecommunications Corp.",0.0801743044091667,0.132140616371944,0.0753296098569997,0.0942290503371674,0.0574121674923434,0.0791394055723679,0.0659072065242386,0.0803015835438026,0.0536734456150605,0.28169261027691
"2005_24741",2005,24741,"CORNING INC","Corning Inc",0.0683163863160765,0.255161164644509,0.100131515307035,0.081917898450583,0.0568585031021423,0.189135324943009,0.0617673453805233,0.0538638860079196,0.0451161246088167,0.0877318512393856
"2005_26058",2005,26058,"CTS CORP","CTS Corp",0.0918947088575652,0.294402908145269,0.0985606690006787,0.109840482346996,0.0641325761259363,0.0817709872723598,0.0785457837054779,0.0582674399286498,0.0513596199594887,0.0712248246575789
"2005_27093",2005,27093,"DATARAM CORP","Dataram Corp",0.087182455758184,0.128523189829051,0.155237070941636,0.203242779015273,0.0760342429970379,0.0665369756820472,0.0698739003891445,0.0860533144670678,0.067453061541651,0.0598630093789067
"2005_28823",2005,28823,"DIEBOLD INC","Diebold Inc",0.0990757731462439,0.120768012386113,0.0673053366411524,0.225177773439053,0.0768675471250757,0.0725456632293673,0.139979281152916,0.0589264951428674,0.0643866361626811,0.0749674815745308
"2005_29002",2005,29002,"DIODES INC","Diodes Inc",0.0934634095758977,0.199964228361884,0.158574128939048,0.114378933934446,0.0747017444189299,0.0816483145050591,0.0719365430358705,0.0666769984182141,0.0618933438055788,0.0767623550050723
"2005_30140",2005,30140,"LASERCARD CORP","Lasercard Corp",0.0688829681870504,0.104670380041261,0.0998861318994283,0.138725074287833,0.0654419730103627,0.0860128599174946,0.237489719854913,0.068154964993419,0.0680564975754884,0.0626794302327506
"2005_30822",2005,30822,"DYNAMICS RESEARCH CORP","Dynamics Research Corp",0.119120083878583,0.0799680616603828,0.063908519644445,0.262276089393684,0.0629171650459194,0.0933856372326239,0.0873108708346297,0.054899563914641,0.0705688644166946,0.105645143978396
"2005_31235",2005,31235,"EASTMAN KODAK CO","Eastman Kodak Co",0.0860032510646484,0.0997546852710138,0.124142120653214,0.119980975455431,0.0956591613730229,0.142376377707661,0.115765958032664,0.0507084255255481,0.0940698394777116,0.0715392054390849
"2005_31347",2005,31347,"ECHELON CORP","Echelon Corp",0.0857587644719896,0.10027834934727,0.0990423211915796,0.0693966567683691,0.0627617388277978,0.208848669011483,0.0662677778834643,0.12632872171635,0.0868138738221469,0.0945031269595498
"2005_32166",2005,32166,"ELECTRO RENT CORP","Electro Rent Corp",0.109710805703146,0.157313973910204,0.0900728682126069,0.164251859037135,0.118285546622765,0.0855344013380742,0.085600332030727,0.0476056422484774,0.0544999087940524,0.087124662102812
"2005_32198",2005,32198,"EMS TECHNOLOGIES INC","EMS Technologies Inc",0.0790369131843094,0.12550947271752,0.083150489296675,0.0868487754248317,0.0604646064910892,0.0918482903064351,0.0677558584560588,0.0756954466208256,0.0605681213295511,0.269122026172704
"2005_32878",2005,32878,"ENERGY CONVERSION DEV","Energy Conversion Devices Inc",0.0665608604592022,0.114296048365899,0.0998912527149465,0.0889296142684068,0.0577962947640354,0.327560448560459,0.059012129887885,0.0628870561566296,0.0512311332283113,0.0718351615942249
"2005_36047",2005,36047,"CORELOGIC INC","CoreLogic Inc",0.0818491481267577,0.0643649205947807,0.0445639292323252,0.22522988021469,0.107598699327174,0.0730222833481337,0.248780840161635,0.0389337648297295,0.0495529749150879,0.0661035592496853
"2005_39020",2005,39020,"FREQUENCY ELECTRONICS INC","Frequency Electronics Inc.",0.0700311382588228,0.144581741934498,0.07653868471394,0.134035202024171,0.050328449263906,0.0857391384064532,0.058199054523616,0.057569021175446,0.0480109460074106,0.274966623691736
"2005_41133",2005,41133,"GERBER SCIENTIFIC INC","Gerber Scientific Inc",0.0777545310566757,0.124432138202094,0.0834113665666182,0.0841906908042471,0.0663478203749028,0.247765104802433,0.0945081944779712,0.0575042991455934,0.101384908721998,0.0627009458474666
"2005_47217",2005,47217,"HP INC","HP Inc",0.150325201775975,0.112046126565979,0.12322520681976,0.0829023461383612,0.092626798726681,0.0731634513204084,0.11348992271837,0.0978090332086947,0.0860480265730352,0.068363886152734
"2005_49615",2005,49615,"I D SYSTEMS INC","I.D. Systems Inc",0.0927810129065622,0.0856781223354159,0.0750158373281546,0.0942869264554446,0.0785595856184185,0.121114347650861,0.103726949225286,0.0985178371315464,0.116325954424575,0.133993426923735
"2005_49728",2005,49728,"IEC ELECTRONICS CORP","IEC Electronics Corp",0.115186108070188,0.21823192310984,0.106536565150375,0.11242785018864,0.0735920181359249,0.100498085571932,0.0774210437937969,0.0591707774506983,0.0568509679728252,0.080084660555781
"2005_50601",2005,50601,"INNOVEX INC","Innovex Inc",0.0950151770829932,0.198979037459427,0.135751816576907,0.109314071679024,0.0696810360238204,0.106271063834743,0.082718856740376,0.0748542933013547,0.0620522540910746,0.0653623932102796
"2005_50863",2005,50863,"INTEL CORP","Intel Corp",0.0860911323391393,0.10062023184018,0.229110005019132,0.0699311747782387,0.0712156892042284,0.0696428112215376,0.0704095768380968,0.127084642237455,0.0730505742593665,0.102844162262626
"2005_51143",2005,51143,"INTL BUSINESS MACHINES CORP","International Business Machines Corp",0.18805733660016,0.0935943277725986,0.0892554805207308,0.11688351651677,0.0777538618777668,0.0650434303917681,0.090848936968667,0.0965561979599101,0.123296016654301,0.0587108947373276
"2005_52795",2005,52795,"ANIXTER INTL INC","Anixter International Inc",0.113250038138121,0.187617182937815,0.078618796100985,0.151262407594586,0.0772836340017428,0.0692771025352104,0.0817910463375544,0.0746486038046735,0.0703440578714323,0.0959071306778796
"2005_52971",2005,52971,"JACO ELECTRONICS INC","Jaco Electronics Inc",0.101889716370534,0.191179686091209,0.116966445470061,0.143015529566413,0.0785628349241811,0.0744236702058217,0.0865291707810221,0.0633605071119753,0.0791623915539671,0.0649100479248157
"2005_54991",2005,54991,"KEITHLEY INSTRUMENTS INC","Keithley Instruments Inc",0.0966762461732221,0.194287687589872,0.122852341979586,0.0956475344666985,0.0708962949021105,0.126302002971315,0.0720893519114744,0.0719568532496158,0.0769127577519835,0.0723789290041222
"2005_56978",2005,56978,"KULICKE & SOFFA INDUSTRIES","Kulicke and Soffa Industries Inc",0.0956655152993518,0.19679201760759,0.216657341993036,0.0827003159986431,0.0590502952187256,0.110611278197888,0.062593876246353,0.0596462545295532,0.0527631676986146,0.063519937210244
"2005_61004",2005,61004,"LGL GROUP INC","LGL Group Inc (The)",0.0757593205607838,0.216275143386266,0.0948142458475396,0.14953076590993,0.0619266455915355,0.117008568241097,0.0778907539882643,0.0585821545750871,0.0621889997451831,0.0860234021543143
"2005_61478",2005,61478,"ADC TELECOMMUNICATIONS INC","ADC Telecommunications Inc.",0.101974136115191,0.136187142844901,0.0841861835456311,0.0711423653455586,0.0677752013625863,0.0545463289968464,0.0628376610764423,0.117465526785005,0.0592277658392892,0.244657688088549
"2005_64463",2005,64463,"MECHANICAL TECHNOLOGY INC","Mechanical Technology Inc",0.0633357036788467,0.103049951863392,0.0945065080293003,0.126379531268628,0.0619135693228459,0.307198034545482,0.0649797024725122,0.051433687591049,0.0522595174549865,0.0749437937729568
"2005_65270",2005,65270,"METHODE ELECTRONICS INC","Methode Electronics Inc",0.0850168238574113,0.231037453050323,0.114453604556007,0.124642158109722,0.0712090896069299,0.103248671918735,0.0801118807210153,0.0565216750754412,0.0551545643887266,0.0786040787156885
"2005_65770",2005,65770,"MICROVISION INC","Microvision Inc WA",0.0678967103662278,0.105824604530008,0.223627059228982,0.0941540934662447,0.0768740346627524,0.163733943159285,0.0682517705325398,0.0618055693293191,0.0757069896981608,0.0621252250264805
"2005_67279",2005,67279,"MOCON INC","MOCON Inc",0.081486374533171,0.134535433463406,0.0767714592668975,0.108604680957697,0.067325962042616,0.286833273406896,0.0734482355926286,0.0501598957050219,0.0624326543221318,0.058402030709534
"2005_67472",2005,67472,"MOLEX INC","Molex Inc.",0.113381197902249,0.215484046455265,0.128805449912629,0.0759439889668036,0.0756694078952596,0.0939231530137426,0.0753598100229786,0.0735661881968583,0.0654217084149216,0.082445049219293
"2005_68505",2005,68505,"MOTOROLA SOLUTIONS INC","Motorola Solutions Inc",0.0874175507710403,0.112319981572983,0.0889723354792468,0.0839144865963697,0.0736768243744566,0.0696658190773114,0.0771194566308607,0.0849974305546266,0.0529661633745793,0.268949951568526
"2005_68709",2005,68709,"MTS SYSTEMS CORP","MTS Systems Corp",0.0946771609104468,0.155220553921798,0.101605414732285,0.149839376693246,0.0615329818038648,0.157983516099485,0.0644035270804661,0.0542897022519196,0.0710758777694338,0.0893718887370558
"2005_69633",2005,69633,"NAPCO SECURITY TECH INC","NAPCO Security Technologies Inc",0.056597205106317,0.134597173555896,0.078253402741723,0.185092877897821,0.0650032978429281,0.108269939427839,0.0939943165933361,0.0716342780870859,0.0728735206577866,0.133683988089268
"2005_70530",2005,70530,"NATIONAL SEMICONDUCTOR CORP","National Semiconductor Corp",0.0900203313474684,0.176984614422448,0.178168116284841,0.113232410546474,0.0701434399358539,0.0927814554384431,0.0751136566352096,0.0672679687847671,0.0605565868567839,0.0757314197477103
"2005_70866",2005,70866,"NCR CORP","NCR Corp",0.152866260359964,0.09389288302396,0.0753670682162991,0.0895444838581916,0.0807784721879199,0.064922895188472,0.210669175694534,0.0663385637519602,0.109492215411443,0.0561279823072563
"2005_72911",2005,72911,"NORTEL NETWORKS CORP","Nortel Networks Corp",0.0949494777991871,0.0972234866578307,0.0725242482490949,0.0817798248891737,0.0647125404681494,0.050070631934713,0.0717892517696222,0.181234358766004,0.0568790321937587,0.228837147272466
"2005_73773",2005,73773,"O I CORP","O. I. Corp",0.0742827664042598,0.140969933593832,0.073604907323558,0.130043666004932,0.0603641276342116,0.269636933483772,0.065046610313404,0.0587965495388408,0.0650527421915173,0.062201763511673
"2005_75681",2005,75681,"PAXAR CORP","Paxar Corp",0.0918838629550928,0.124418605652161,0.0792339084755695,0.117070181302508,0.0909740359217646,0.0959115888199816,0.131426596926114,0.0491814327520627,0.166161764820386,0.0537380223743607
"2005_76267",2005,76267,"PARK ELECTROCHEMICAL CORP","Park Electrochemical Corp",0.0655569128920844,0.223555564313714,0.0844419608199865,0.124428217530679,0.0486983721898566,0.234602754864759,0.0549115291766538,0.0511678646740345,0.0512720349953653,0.0613647885428672
"2005_78749",2005,78749,"AGILYSYS INC","Agilysys Inc",0.129525306582383,0.112721027752589,0.0727250706130327,0.179614432611575,0.0849567626279129,0.0504558478153849,0.0910736698350994,0.0747768610141987,0.14206599242383,0.0620850287239948
"2005_79564",2005,79564,"NORTH HILLS SIGNAL PROCESSNG","North Hills Signal Processing Corp",0.0790274194750566,0.155219771941756,0.0896919437947743,0.116451025168314,0.064630557555537,0.0763430653165151,0.0725523300080815,0.0848251204021332,0.0557314688367934,0.205527297501039
"2005_81050",2005,81050,"PUBLICARD INC","PubliCARD Inc.",0.0770643769605728,0.0697567424582629,0.0626108670653956,0.284270232013031,0.0778209692214156,0.059986319854104,0.161757100284307,0.0681005465874425,0.0818297328507048,0.0568031127047641
"2005_82628",2005,82628,"SYMMETRICOM INC","Symmetricom Inc.",0.0769658360912432,0.147170155301956,0.093250175519905,0.0710047043526136,0.0598806110007442,0.080828918728256,0.0634056320856179,0.0979005880650912,0.0697133490707118,0.239880029783861
"2005_84748",2005,84748,"ROGERS CORP","Rogers Corp.",0.0819281483028651,0.230470403968931,0.0917241946891552,0.143457765249777,0.0613658460472757,0.142683969780385,0.0645956779012925,0.0507774320807228,0.0532860909647365,0.0797104710148587
"2005_88790",2005,88790,"INTRICON CORP","Intricon Corp",0.0691990982983899,0.157900200632936,0.0891910904143677,0.200302372734043,0.0639427523958596,0.190909706953656,0.077451622973993,0.0436226039899806,0.051052418936957,0.0564281326698169
"2005_88941",2005,88941,"SEMTECH CORP","Semtech Corp",0.0867103680505176,0.200047963687185,0.175770670653508,0.093523849117342,0.0672225231053858,0.0880325924028245,0.0721010203329506,0.0720631351523839,0.0553872958396976,0.0891405816582054
"2005_90057",2005,90057,"SIBONEY CORP","Siboney Corp",0.0856931386900811,0.0743491910502708,0.0640353194770572,0.136154103764357,0.101670759420323,0.0578861747354788,0.0761556943275679,0.0534090383639318,0.287793481108495,0.0628530990624374
"2005_92769",2005,92769,"SPECTRUM CONTROL INC","Spectrum Control Inc",0.0774241071665035,0.22851442689529,0.0849536231647797,0.148717712174663,0.0606619599771394,0.0886034660005873,0.0695204233414837,0.0631362523148464,0.0501236777294181,0.12834435123529
"2005_93384",2005,93384,"STANDARD MICROSYSTEMS CORP","Standard Microsystems Corp",0.0864960690383799,0.134787941270222,0.200937623312915,0.117282986824901,0.0699262689762204,0.0758077053585201,0.0713844313492892,0.0999364364870174,0.0729127279190219,0.0705278094635134
"2005_96763",2005,96763,"PULSE ELECTRONICS CORP","Pulse Electronics Corp",0.0856621413817544,0.240332650809322,0.10501864426512,0.094113780136568,0.0743084088940871,0.120794978085491,0.0697301818512168,0.0633864410526862,0.0566880471535781,0.0899647263701769
"2005_96879",2005,96879,"TEKTRONIX INC","Tektronix Inc.",0.116262957396119,0.182121874740017,0.120442473456202,0.0886562225592281,0.0681915452037903,0.0769234104818061,0.0696315318718111,0.0979204398990172,0.0609986586490856,0.118850885742923
"2005_97052",2005,97052,"TELTRONICS INC","Teltronics Inc",0.0827722119217312,0.100150834702133,0.0745500679355097,0.11413586241962,0.0732201074651132,0.0703804713188733,0.0794019386892772,0.170327164545411,0.0836757059384991,0.151385635063832
"2005_97210",2005,97210,"TERADYNE INC","Teradyne Inc.",0.0860735769331607,0.154523742023525,0.202317120407024,0.0915536965744441,0.0637534920614345,0.0961742461869993,0.0686067230692418,0.0808635623564446,0.065177028171406,0.0909568122163204
"2005_97476",2005,97476,"TEXAS INSTRUMENTS INC","Texas Instruments Inc",0.0810299780042479,0.154693929767379,0.216538283553681,0.0779328369798383,0.0713644420376454,0.100311665851354,0.0710291145687841,0.0714323144339536,0.0725690376944101,0.0830983971087067
"2005_98338",2005,98338,"TSR INC","TSR Inc",0.14312648621202,0.0809054999887106,0.0679841897676963,0.267450854155907,0.0987169631790422,0.0676548185560771,0.0957414437157714,0.0462271956533518,0.0663415632527597,0.0658509855186637
"2005_99047",2005,99047,"NYFIX INC","NYFIX Inc",0.10527590637267,0.0739090304706405,0.0635757316789503,0.24404281738042,0.0913180089397117,0.0609511178738926,0.132567169763274,0.0761704421488371,0.0749545363723676,0.0772352389992357
"2005_99106",2005,99106,"TRANS-LUX CORP","Trans-Lux Corp",0.0761132217735587,0.118922005181427,0.0997824986725601,0.152538497229188,0.104144249739787,0.111430534931971,0.0988781542566323,0.0605337009372876,0.0853364928125825,0.0923206444650054
"2005_99313",2005,99313,"TRANSNET CORP","Transnet Corp",0.124998345760543,0.11487229713319,0.0857601650273942,0.136403346657828,0.0675595947665046,0.064310775111729,0.0844766970567916,0.123219417376686,0.0857936894115468,0.112605671697787
"2005_102109",2005,102109,"UNIVERSAL SECURITY INSTRUMNT","Universal Security Instruments Inc.",0.0675240325698235,0.175006187125895,0.0800714465714638,0.185214709781212,0.0904493054302359,0.118927029571231,0.0832087810967906,0.050584879451819,0.0701667308812992,0.0788468975202298
"2005_103145",2005,103145,"VEECO INSTRUMENTS INC","Veeco Instruments Inc",0.069089144008072,0.127785717063646,0.121048597093605,0.0668542777493196,0.0522121581941502,0.339441175875437,0.046401154653016,0.0644650448622037,0.0558492477042949,0.0568534827962555
"2005_103730",2005,103730,"VISHAY INTERTECHNOLOGY INC","Vishay Intertechnology Inc.",0.0788381622272377,0.253156012600658,0.120171390690375,0.0912966476818693,0.0637156120756625,0.136431000966081,0.073857572098783,0.060376355069895,0.0543920831525486,0.06776516343689
"2005_105006",2005,105006,"WJ COMMUNICATIONS INC","WJ Communications Inc",0.0869177709989734,0.160030005679966,0.130273430345552,0.0954231051553558,0.0695899420856596,0.083799038924329,0.0853566634397115,0.0855247449355332,0.0726915122342951,0.130393786200625
"2005_106040",2005,106040,"WESTERN DIGITAL CORP","Western Digital Corp",0.0936498932611336,0.131068471201626,0.215650917696918,0.0694439562589207,0.0795398831225475,0.0771254143716921,0.0681212153014257,0.114699873713639,0.0820988439041743,0.068601531167923
"2005_108772",2005,108772,"XEROX CORP","Xerox Corp",0.106619458557241,0.0994013206300806,0.0975715432025864,0.0929639755559415,0.0849075396620777,0.0977868727607826,0.186965229151134,0.0624207537111303,0.0961413694467595,0.0752219373222668
"2005_202058",2005,202058,"HARRIS CORP","Harris Corp",0.0859591633563904,0.100754476151783,0.0744319742368031,0.130427093485685,0.06690241616009,0.0716869333329073,0.079507580522773,0.0765532104532149,0.0561952820842178,0.257581870216135
"2005_215419",2005,215419,"CHECKPOINT SYSTEMS INC","Checkpoint Systems Inc",0.10202008099416,0.117736155858805,0.0824024193142029,0.0866929141528334,0.0830041245012671,0.0887264971216808,0.117033671179107,0.0607392037832411,0.192636848541947,0.0690080845527558
"2005_225263",2005,225263,"NEWPORT CORP","Newport Corp",0.0699578506434623,0.224386504876278,0.094153734614557,0.0711094536019832,0.0594568748365933,0.239381586586732,0.0646653785003118,0.0572029687335667,0.0590741170196512,0.0606115305868638
"2005_275858",2005,275858,"OPTELECOM-NKF INC","Optelecom-NKF Inc",0.0774485671900636,0.174822006891626,0.0976208817676861,0.114328536339982,0.0666469786509478,0.0927932939727648,0.0627777519731462,0.108467491837029,0.0659174907695763,0.139177000607178
"2005_276283",2005,276283,"EVANS & SUTHERLAND CMP CORP","Evans & Sutherland Computer Corp",0.0798280314654882,0.104540584550671,0.112064046775244,0.167422827126314,0.0779226466665463,0.147908040928304,0.0724801326292042,0.0579628310902847,0.0898412652238098,0.090029593544134
"2005_310056",2005,310056,"VICON INDUSTRIES INC","Vicon Industries Inc.",0.0748203180808782,0.139826449946162,0.0877669251092609,0.192913083437982,0.0780430175932701,0.0960318154872496,0.0849906133584737,0.0804428823251385,0.0731845842129324,0.0919803104486524
"2005_310568",2005,310568,"MICROSEMI CORP","Microsemi Corp",0.0856823400792008,0.195452880036758,0.133102331481466,0.14542202822096,0.077410994100703,0.0945406204875647,0.0785005026345478,0.0587440465952196,0.0572115872653521,0.0739326690982278
"2005_311505",2005,311505,"PRINTRONIX INC","Printronix Inc",0.0803889966572791,0.10887237166819,0.0970285775987685,0.0702258340374418,0.0720248892705452,0.0991226284628631,0.197963952813691,0.0787010962148488,0.119178175007944,0.0764934782684279
"2005_316793",2005,316793,"INTL RECTIFIER CORP","International Rectifier Corp",0.0865097554122162,0.214723279887773,0.152838457235622,0.0904899875921961,0.0682597631152178,0.115782542093292,0.069789455289038,0.0724574137852838,0.0565858307563489,0.0725635148330128
"2005_317093",2005,317093,"ANDREW CORP","Andrew Corp",0.069694772889596,0.151879544850479,0.0684969975389178,0.0938682433201123,0.0557429557084863,0.0689728910565856,0.0576920181496863,0.0668903536449041,0.0480615874168468,0.318700635424386
"2005_317771",2005,317771,"TELLABS INC","Tellabs Inc",0.0792183042278856,0.0992062178712905,0.0741601596141669,0.0543652860959386,0.0655556785360346,0.0554542447184086,0.066287247047584,0.220310220978576,0.0625710215389562,0.222871619371159
"2005_318378",2005,318378,"BANCTEC INC-REDH","BancTec Inc",0.116873002867958,0.0934782466507923,0.0810808254749807,0.173710526216168,0.0683230076970203,0.0655510751517836,0.154375020830106,0.0771418218266626,0.114515164665462,0.0549513086190664
"2005_319201",2005,319201,"KLA-TENCOR CORP","KLA-Tencor Corp",0.078642551281633,0.116979804533869,0.14339604873411,0.0564149271919547,0.0560611895917418,0.293973503355006,0.0567264554726029,0.0782418796228971,0.071839295579879,0.0477243446363059
"2005_319450",2005,319450,"ZILOG INC","Zilog Inc",0.0803279252680748,0.123921085144632,0.152321434601886,0.170871654645727,0.0892659971391785,0.0813501947394777,0.0870852831689684,0.0745976519117387,0.0678643831374314,0.0723943902428854
"2005_319815",2005,319815,"MAXWELL TECHNOLOGIES INC","Maxwell Technologies Inc",0.0772859837909537,0.171263316131857,0.108354259853141,0.0713166861859072,0.0609089724438817,0.235099063224734,0.0606016004472307,0.0782607049376998,0.0616920580180933,0.0752173549665015
"2005_320121",2005,320121,"TELOS CORP/MD","Telos Corp/MD",0.124931837971647,0.084615454850756,0.0608533459215385,0.302697091183912,0.0754004469497814,0.0605494376557421,0.0942770139190534,0.0477465383953731,0.0603290592414989,0.088599773910697
"2005_320193",2005,320193,"APPLE INC","Apple Inc",0.0586844977591261,0.0719377379475931,0.1433124275742,0.0814454480609237,0.123792174277897,0.0633984840100936,0.0562451821025307,0.108176421534731,0.216865017586407,0.0761426091464979
"2005_320345",2005,320345,"MICROS SYSTEMS INC","MICROS Systems Inc",0.0821947177403742,0.0819224315274104,0.061386500953731,0.091465986690408,0.0839029767135637,0.0569313824183593,0.11291264817402,0.0633751954144578,0.294483521144818,0.0714246392228578
"2005_350066",2005,350066,"INTER-TEL INC  -SER A","Inter-Tel (Delaware) Inc.",0.0914329166920286,0.0673475325581083,0.0704083501369032,0.0652152956656803,0.0823300723705485,0.0507804427946479,0.0775722854802576,0.240027996277793,0.121883260165321,0.133001847858711
"2005_350621",2005,350621,"C-COR INC","C-COR Inc",0.0980515662209392,0.103585990789706,0.0708868781104213,0.0568446078578246,0.0728819684560746,0.0503051690120121,0.0601116081298425,0.133263405164618,0.0772985734370091,0.276770232821553
"2005_350868",2005,350868,"ITERIS INC","Iteris Inc",0.0927769195456315,0.120777533158639,0.087607353254606,0.097469636937185,0.0764901710118184,0.22068204556072,0.0780672892030052,0.0680783562484863,0.0742061647883744,0.0838445302915348
"2005_350917",2005,350917,"EMULEX CORP","Emulex Corp.",0.0861470607459646,0.0958306706678854,0.133162986396443,0.0669852060402663,0.0568860900696015,0.0536330557815078,0.0529255815364751,0.313649886606035,0.0733012478909219,0.0674782142648991
"2005_351298",2005,351298,"HEI INC","HEI Inc",0.0902123867879074,0.20553713564676,0.10932429010454,0.0994411962526892,0.0728633774965372,0.125160564750597,0.0927770356983263,0.0597817832963837,0.0686079142484817,0.0762943157177779
"2005_351998",2005,351998,"DATA I/O CORP","Data I/O Corp",0.0968149546082204,0.136505611122924,0.187903316770066,0.0747089909350545,0.0684738175807017,0.0749810231286771,0.0693434011414517,0.0938201960469467,0.107721023327494,0.0897276653384636
"2005_352789",2005,352789,"IOMEGA CORP","Iomega Corp",0.0793112218100662,0.11936407195629,0.157496442079913,0.0834499245931987,0.0986525797313394,0.060815067435774,0.0719644502586551,0.165642633783017,0.088559046351279,0.074744562000468
"2005_354908",2005,354908,"FLIR SYSTEMS INC","FLIR Systems Inc",0.0612943933969427,0.128401400347825,0.0963910717338607,0.0630465358454179,0.0559005619162797,0.299944183593807,0.0584851368017796,0.0741099943227648,0.0683443483441719,0.0940823736971508
"2005_355777",2005,355777,"LOJACK CORP","LoJack Corp",0.0804294914675655,0.0801215524619489,0.072497744815964,0.104492969753887,0.0823578168645822,0.242375260916126,0.109577155675536,0.0577213660084058,0.0507667804989048,0.11965986153708
"2005_355948",2005,355948,"RICHARDSON ELECTRONICS LTD","Richardson Electronics Ltd",0.0909903364094598,0.193401611797757,0.105384758272881,0.138360168082487,0.0642072668537149,0.109528241082185,0.0704699463427523,0.0661175544479854,0.067317747233754,0.0942223694770243
"2005_356028",2005,356028,"CA INC","CA Inc",0.167386246658742,0.0976032030902689,0.086344012791113,0.097961138390072,0.0835520254338346,0.0621924600975781,0.0900022220702792,0.125474217093972,0.118833995750557,0.0706504786235835
"2005_356037",2005,356037,"CSP INC","CSP Inc",0.101461708981759,0.13572798779366,0.106737199014556,0.0932708769837886,0.0602069645644171,0.0806396094152914,0.0692386221876827,0.169400753039442,0.0990206040579668,0.084295673961436
"2005_357020",2005,357020,"XCERRA CORP","Xcerra Corp",0.0945173773026807,0.139293097603775,0.22996319886552,0.0645090864010882,0.0611392026989565,0.0848447648916835,0.0569858928939865,0.0963368869439716,0.100447248533601,0.0719632438647373
"2005_701811",2005,701811,"MENTOR GRAPHICS CORP","Mentor Graphics Corp",0.0859603672548744,0.127017307332181,0.209222136507209,0.114920837301355,0.0585897716461201,0.0774942333333878,0.068717006487868,0.0846447168627228,0.111034937094118,0.0623986861801635
"2005_703360",2005,703360,"LSI CORP","LSI Corp",0.104589800510944,0.138288233745323,0.165068961355012,0.0802792409898607,0.0746452683707286,0.0686087952636338,0.0708559145931659,0.147702499260301,0.0800661954218635,0.0698950904891681
"2005_703361",2005,703361,"INTEGRATED DEVICE TECH INC","Integrated Device Technology Inc.",0.0806536359539439,0.145602589068917,0.207249597301256,0.0669145424351388,0.0604688209152217,0.058746779790957,0.0600191448639468,0.143770309652962,0.0718055812761751,0.104768998741482
"2005_704532",2005,704532,"NANOMETRICS INC","Nanometrics Inc",0.0729976302941406,0.108950981343764,0.125725714542619,0.0444530558209792,0.0532103239688987,0.358773679354917,0.0501304280799171,0.0723568531029957,0.0657874452726041,0.0476138882191644
"2005_706864",2005,706864,"MERRIMAC INDUSTRIES INC","Merrimac Industries Inc.",0.079856894632881,0.254902169457284,0.103552044201714,0.0924807734398593,0.0542092574186364,0.105807461091505,0.0598631763464664,0.0617209797946705,0.0591065713533721,0.128500672263611
"2005_707549",2005,707549,"LAM RESEARCH CORP","Lam Research Corp",0.0939138412475145,0.123889667612969,0.136461595366272,0.0785733354028489,0.0580297229644867,0.263276507147227,0.0617118165786883,0.0712222502103806,0.0555444986871244,0.0573767647824885
"2005_708781",2005,708781,"CASS INFORMATION SYSTEMS INC","Cass Information Systems Inc",0.102799385915861,0.0783279160545947,0.0576232887523079,0.163451348307574,0.0797568896015051,0.0689522858273892,0.270288551889069,0.0513999332172454,0.0599147858675297,0.067485614566924
"2005_708821",2005,708821,"PAR TECHNOLOGY CORP","PAR Technology Corp",0.100272845710816,0.0812692610366762,0.0663906082519824,0.191776836646665,0.0802307046009103,0.0754557380743049,0.0914576120989006,0.0736311006624187,0.14322067531121,0.0962946176061156
"2005_709283",2005,709283,"QUANTUM CORP","Quantum Corp",0.0898678312995366,0.144908245130222,0.110886699029832,0.0681870483028272,0.0657333589031462,0.0702679595682425,0.057203233769084,0.258026162910391,0.074013487174955,0.060905973911763
"2005_709519",2005,709519,"SUN MICROSYSTEMS INC","Sun Microsystems Inc",0.14438277350232,0.0897089998755353,0.108441525985586,0.0646407576741781,0.0701497713978801,0.0702193739886712,0.0649777555721406,0.172950302885282,0.148215712195903,0.0663130269225044
"2005_711065",2005,711065,"APPLIED MICRO CIRCUITS CORP","Applied Micro Circuits Corp",0.0825443639349514,0.115405469754973,0.165941293113255,0.05438377794249,0.0529326466096336,0.0611324698623103,0.0588436121247632,0.233710187755382,0.0639990542479408,0.111107124654302
"2005_712511",2005,712511,"PROXIM WIRELESS CORP","Proxim Wireless Corp",0.0733259787132597,0.0981454381010731,0.0866073702309628,0.0694355713537483,0.0654094911792413,0.0668317332962036,0.065417326501543,0.134267759331403,0.0640340391243647,0.2765252921682
"2005_712515",2005,712515,"ELECTRONIC ARTS INC","Electronic Arts Inc.",0.0798149776874975,0.0777619244592332,0.104859644670832,0.0728442631930812,0.303965764958972,0.0537246331980182,0.0697207130613368,0.0569347722822122,0.0934667334198933,0.0869065730689238
"2005_713425",2005,713425,"AMERICAN SOFTWARE  -CL A","American Software Inc",0.124054206021702,0.092637723259891,0.0736864283349944,0.0775759811868186,0.0742784081808993,0.0689949928449971,0.0833682022562309,0.0844962626604294,0.261235326985179,0.0596724682688584
"2005_714603",2005,714603,"DST SYSTEMS INC","DST Systems Inc.",0.106896214514467,0.0712143837691834,0.0591871289113362,0.153690524896847,0.0801743538471027,0.0624373006918499,0.254136928404677,0.0592559443353892,0.0763601505929649,0.0766470700361832
"2005_715073",2005,715073,"WEGENER CORP","Wegener Corp",0.0666052657098549,0.0839334599211988,0.0978032287232327,0.0660042387605373,0.0994937576031276,0.0544555955008986,0.0587066681093406,0.0888379853841793,0.0865336147034467,0.297626185584184
"2005_715446",2005,715446,"ITUS CORP","ITUS Corp",0.0502635981657098,0.0786160063411655,0.109851870025178,0.0886816759594823,0.0597673222345623,0.158520858548035,0.0830252291549227,0.092228243406323,0.0607581607636264,0.218287035400995
"2005_716688",2005,716688,"MICROWAVE FILTER CO INC","Microwave Filter Co Inc",0.067285986437603,0.181718526902791,0.0926260257978198,0.10689846242149,0.0726416615103151,0.0929368407890187,0.0614091735570711,0.058630006615446,0.0656766974911677,0.200176618477278
"2005_717238",2005,717238,"MSC SOFTWARE CORP","MSC.Software Corp",0.120569067764753,0.102747019945532,0.0972523861224383,0.172158152578933,0.0706435565498715,0.0861760662231807,0.0681394409458214,0.07525377406224,0.150252409609537,0.056808126197693
"2005_718074",2005,718074,"NU HORIZONS ELECTRONICS CORP","Nu Horizons Electronics Corp",0.0879919456519329,0.175266176125485,0.0986135544529375,0.205196318769361,0.0782179991534618,0.0667169076799479,0.0904764454501812,0.0572048989648612,0.0535837295519368,0.0867320241998943
"2005_718130",2005,718130,"INTEGRAL SYSTEMS INC","Integral Systems Inc",0.0838809026941072,0.0893248691230488,0.0673671026683868,0.174584853053744,0.0536349330368595,0.0779859301157384,0.0671505892102852,0.0719229105501619,0.0750237214653782,0.23912418808229
"2005_718573",2005,718573,"RADYNE CORP","Radyne Corp",0.0716043356594507,0.114068528115813,0.0831838560889043,0.0722691445728816,0.0741010162951511,0.0622296247501616,0.06293381434231,0.076775761192752,0.0590834016803245,0.323750517302252
"2005_718877",2005,718877,"ACTIVISION BLIZZARD INC","Activision Blizzard Inc",0.091736756446601,0.0853120219849131,0.0888146128751435,0.115553518203704,0.235068391339798,0.0724399595402317,0.0759980878684663,0.0636059083554339,0.104080699629291,0.067390043756417
"2005_719152",2005,719152,"INTEGRAL VISION INC","Integral Vision Inc",0.0712778120658602,0.135767331042708,0.162026835452176,0.124171685321645,0.0646428089518304,0.195426412512592,0.0525335532493785,0.0604530372193775,0.0734784534940451,0.0602220706903881
"2005_719494",2005,719494,"INRAD OPTICS INC","Inrad Optics Inc",0.0686614088698131,0.280182673950187,0.0788335440287359,0.115898187070658,0.0531492975582976,0.195022257510266,0.0534959722749196,0.0420286492405392,0.0525745263835888,0.0601534831129948
"2005_719733",2005,719733,"KEY TRONIC CORP","Key Tronic Corp",0.101278617081858,0.214354615075515,0.0967714945521996,0.169909891541086,0.0726190312364882,0.0881577344453483,0.0841786751768635,0.0463662777298861,0.0690342483269676,0.0573294148337876
"2005_720500",2005,720500,"AMTECH SYSTEMS INC","Amtech Systems Inc",0.0670800684692441,0.141386751593245,0.108301746119643,0.0696773470672334,0.0537340303136776,0.308641896819112,0.0642497306543668,0.0567187973408189,0.0622691977156747,0.0679404339069854
"2005_720671",2005,720671,"HALIFAX CORP","Halifax Corp",0.13267717053833,0.0863173840423806,0.0639819738370226,0.226177898344578,0.0768145357645697,0.0603390593410691,0.104988583752176,0.0826831783569,0.0636547055854678,0.102365510437506
"2005_720851",2005,720851,"NESTOR INC","Nestor Inc",0.071163026201476,0.0679126309638346,0.0813554269224927,0.0965238293157837,0.0842770276399959,0.233441460418536,0.101836853399808,0.0876007001028185,0.0821616587800778,0.0937273862551772
"2005_721683",2005,721683,"TOTAL SYSTEM SERVICES INC","Total System Services Inc.",0.0967282031623561,0.077233068050646,0.0657777156765036,0.13215211707942,0.0905046347396486,0.0514897405029124,0.305239181804098,0.0461842514856595,0.0564625241853723,0.0782285633133836
"2005_721773",2005,721773,"ELECTRONIC CLEARING HOUSE","Electronic Clearing House Inc",0.0730221933396091,0.0514501613414854,0.0571304176222196,0.0889362677065577,0.0874028805221823,0.0547324746695346,0.410613028667723,0.0641539556714381,0.0571737983286777,0.0553848221305723
"2005_722313",2005,722313,"NORTECH SYSTEMS INC","Nortech Systems Inc",0.116306149283162,0.211922025928678,0.0907226815603949,0.133113839570738,0.0773765792756329,0.0799215760936552,0.0827769682987572,0.0579589076632601,0.0714134834008438,0.0784877889248775
"2005_722392",2005,722392,"PLANAR SYSTEMS INC","Planar Systems Inc",0.107321332025912,0.162495263795109,0.119368455166048,0.135822515984518,0.0748316909120478,0.134492898300552,0.0698152668044601,0.0643486668843405,0.0727597416539053,0.0587441684731077
"2005_723125",2005,723125,"MICRON TECHNOLOGY INC","Micron Technology Inc.",0.0888816915951219,0.137630949895504,0.261319785594185,0.150607247860675,0.0547996777443398,0.0858493911333566,0.0566420413928573,0.0578924876194153,0.0529489007743512,0.0534278263901938
